djvu_ =1,1,12,19
djvu_!=13,1,24,19
djvu_"=25,1,36,19
djvu_&=37,1,48,19
djvu_(=49,1,60,19
djvu_)=61,1,72,19
djvu_,=73,1,84,19
djvu_-=85,1,96,19
djvu_.=97,1,108,19
djvu_/=109,1,120,19
djvu_0=121,1,132,19
djvu_1=133,1,144,19
djvu_2=145,1,156,19
djvu_3=157,1,168,19
djvu_4=169,1,180,19
djvu_5=181,1,192,19
djvu_6=193,1,204,19
djvu_7=205,1,216,19
djvu_8=217,1,228,19
djvu_9=229,1,240,19
djvu_:=241,1,252,19
djvu_?=253,1,264,19
djvu_@=265,1,276,19
djvu_A=277,1,288,19
djvu_B=289,1,300,19
djvu_C=301,1,312,19
djvu_D=313,1,324,19
djvu_E=325,1,336,19
djvu_F=337,1,348,19
djvu_G=349,1,360,19
djvu_H=361,1,372,19
djvu_I=373,1,384,19
djvu_J=385,1,396,19
djvu_K=397,1,408,19
djvu_L=409,1,420,19
djvu_M=421,1,432,19
djvu_N=433,1,444,19
djvu_O=445,1,456,19
djvu_P=457,1,468,19
djvu_Q=469,1,480,19
djvu_R=481,1,492,19
djvu_S=493,1,504,19
djvu_T=505,1,516,19
djvu_U=517,1,528,19
djvu_V=529,1,540,19
djvu_W=541,1,552,19
djvu_X=553,1,564,19
djvu_Y=565,1,576,19
djvu_Z=577,1,588,19
djvu_[=589,1,600,19
djvu_\=601,1,612,19
djvu_]=613,1,624,19
djvu_a=625,1,636,19
djvu_b=637,1,648,19
djvu_c=649,1,660,19
djvu_d=661,1,672,19
djvu_e=673,1,684,19
djvu_f=685,1,696,19
djvu_g=697,1,708,19
djvu_h=709,1,720,19
djvu_i=721,1,732,19
djvu_j=733,1,744,19
djvu_k=745,1,756,19
djvu_l=757,1,768,19
djvu_m=769,1,780,19
djvu_n=781,1,792,19
djvu_o=793,1,804,19
djvu_p=805,1,816,19
djvu_q=817,1,828,19
djvu_r=829,1,840,19
djvu_s=841,1,852,19
djvu_t=853,1,864,19
djvu_u=865,1,876,19
djvu_v=877,1,888,19
djvu_w=889,1,900,19
djvu_x=901,1,912,19
djvu_y=913,1,924,19
djvu_z=925,1,936,19
djvu_Ä=937,1,948,19
djvu_Ö=949,1,960,19
djvu_Ü=961,1,972,19
djvu_ß=973,1,984,19
djvu_ä=985,1,996,19
djvu_ö=997,1,1008,19
djvu_ü=1009,1,1020,19
